1;adana          ;0;338;579;978;604;492;548;1005;881;903;786;633;746;689;649;857;1097;591;582;762;538;1183;496;677;809;691;216;720;780;910;196;619;69;951;908;1014;696;335;1160;377;841;358;676;397;887;198;549;858;743;288;210;708;918;803;754;721;868;428;1082;493;839;631;355;691;905;490;765;268;801;293;486;634;720;784;1039;1081;906;714;252;89;735
2;adiyaman       ;338;0;917;646;628;738;886;717;1219;1241;1039;348;414;927;987;1111;1390;769;704;1100;206;1421;284;548;522;959;151;706;678;655;317;957;407;1189;1246;727;875;421;1398;556;1079;696;1014;186;1224;163;295;1196;456;504;548;732;772;1041;757;390;883;413;1320;517;780;419;112;1029;573;619;1003;580;676;631;665;302;465;1022;751;750;1144;952;210;245;973
3;afyonkarahisar ;579;917;0;1320;596;255;287;1225;340;324;207;1099;1290;417;166;278;518;398;505;221;1110;682;961;955;1141;141;795;868;1027;1489;776;167;572;450;329;1343;504;523;659;425;340;226;97;863;308;777;1128;364;1208;444;464;823;1077;302;676;1297;676;706;581;645;998;1079;934;112;1424;479;484;368;1080;340;338;1210;1299;518;1362;1464;342;448;831;668;371
4;agri           ;978;646;1320;0;740;1056;1426;365;1635;1576;1361;352;232;1146;1403;1417;1694;987;831;1516;440;1641;492;370;182;1298;762;539;381;425;957;1373;1047;1408;1649;214;990;816;1617;940;1298;1112;1377;587;1628;809;514;1658;241;889;940;584;430;1261;730;328;894;618;1539;674;482;419;617;1432;228;841;1205;965;305;1113;985;366;424;1171;305;144;1363;1106;817;885;1192
5;amasya         ;604;628;596;740;0;331;824;679;936;842;626;642;833;411;762;683;959;247;91;817;707;906;538;375;560;574;583;322;424;1164;681;719;638;674;925;762;255;344;882;313;563;510;653;460;903;508;802;959;751;358;440;277;531;526;131;894;257;221;804;113;452;498;711;708;967;200;471;421;457;621;260;807;1001;436;781;884;628;371;647;609;458
6;ankara         ;492;738;255;1056;331;0;543;960;596;536;314;889;1080;190;421;385;665;131;240;477;900;685;751;690;876;234;654;603;762;1348;689;423;485;453;584;1078;237;316;661;183;342;259;312;653;563;579;987;619;999;275;340;558;812;305;412;1087;409;442;583;380;733;814;793;367;1215;214;266;224;815;370;74;1000;1158;286;1097;1200;407;216;718;581;237
7;antalya        ;548;886;287;1426;824;543;0;1433;346;506;473;1191;1294;683;122;544;696;686;732;221;1086;923;1054;1061;1246;421;764;1096;1164;1458;745;131;468;716;449;1448;791;616;924;570;605;321;362;955;428;746;1098;310;1301;537;545;1051;1305;568;904;1269;963;812;846;873;1226;1184;903;291;1453;683;750;461;1185;377;563;1182;1268;805;1467;1570;607;735;800;637;636
8;artvin         ;1005;717;1225;365;679;960;1433;0;1565;1452;1236;373;547;1021;1391;1293;1569;882;720;1446;511;1516;512;377;195;1203;849;357;320;755;983;1348;1074;1284;1554;203;846;823;1493;942;1174;1119;1282;607;1532;830;606;1588;465;896;947;402;148;1136;549;643;712;625;1415;617;227;426;688;1337;558;829;1059;972;312;1120;889;565;739;1026;117;336;1239;958;887;912;1068
9;aydin          ;881;1219;340;1635;936;596;346;1565;0;291;525;1401;1592;735;286;441;451;738;845;124;1412;670;1263;1270;1455;474;1097;1208;1367;1791;1078;288;813;680;128;1658;844;825;684;765;567;528;415;1165;152;1079;1430;98;1510;746;766;1163;1417;621;1016;1599;1016;1021;620;985;1338;1393;1236;272;1726;819;802;670;1394;642;679;1512;1601;858;1676;1779;505;788;1133;970;689
10;balikesir      ;903;1241;324;1576;842;536;506;1452;291;0;257;1412;1603;431;394;152;194;663;786;285;1424;419;1274;1211;1397;303;1119;1095;1254;1813;1100;395;896;391;175;1599;677;848;433;706;278;550;227;1176;139;1101;1453;390;1522;769;788;1050;1304;316;903;1610;858;987;369;926;1225;1335;1258;225;1738;760;498;692;1294;664;620;1523;1623;586;1561;1720;216;564;1155;992;384
11;bilecik        ;786;1039;207;1361;626;314;473;1236;525;257;0;1189;1381;215;351;95;374;447;563;406;1201;480;1052;996;1181;80;955;879;1038;1649;983;353;779;248;430;1383;461;616;457;484;137;433;110;953;393;879;1288;549;1299;576;638;834;1088;100;688;1388;642;765;379;703;1009;1119;1093;249;1515;537;282;522;1078;547;397;1301;1458;370;1345;1505;124;349;1018;875;168
12;bingol         ;633;348;1099;352;642;889;1191;373;1401;1412;1189;0;192;1077;1169;1261;1540;920;763;1282;142;1572;141;272;177;1109;478;536;378;492;612;1139;703;1340;1427;382;892;571;1548;706;1229;877;1195;236;1406;458;236;1424;111;654;705;581;428;1192;718;288;862;482;1470;585;480;143;319;1211;327;702;1107;730;302;879;815;196;384;1072;407;496;1294;1007;518;540;1124
13;bitlis         ;746;414;1290;232;833;1080;1294;547;1592;1603;1381;192;0;1268;1360;1452;1732;1111;955;1473;208;1763;332;463;352;1300;530;711;553;325;724;1330;815;1531;1618;447;1083;762;1740;897;1420;1069;1386;427;1597;577;282;1615;81;845;896;756;602;1383;909;96;1053;673;1662;776;654;335;385;1402;159;893;1298;921;476;1039;1006;134;192;1264;489;336;1486;1198;585;653;1315
14;bolu           ;689;927;417;1146;411;190;683;1021;735;431;215;1077;1268;0;561;272;548;232;349;617;1088;495;939;781;966;290;842;664;823;1536;885;563;681;263;604;1168;247;504;471;371;152;455;321;841;567;767;1175;759;1187;464;546;619;873;115;473;1275;427;630;393;522;794;904;981;459;1373;402;158;420;863;566;262;1188;1346;177;1130;1290;217;134;906;778;46
15;burdur         ;649;987;166;1403;762;421;122;1391;286;394;351;1169;1360;561;0;422;589;564;670;168;1180;826;1031;1038;1223;300;865;1034;1141;1559;846;30;576;594;390;1426;670;593;803;591;484;296;241;932;369;847;1198;241;1278;514;534;989;1243;446;842;1367;841;789;725;811;1164;1161;1004;169;1494;645;628;438;1162;410;504;1280;1369;684;1444;1547;485;614;901;738;515
16;bursa          ;857;1111;278;1417;683;385;544;1293;441;152;95;1261;1452;272;422;0;269;504;635;435;1273;428;1123;1052;1238;152;1026;936;1095;1720;1054;424;850;244;325;1440;518;688;443;555;131;504;182;1025;289;951;1360;540;1371;648;710;891;1145;157;744;1459;699;836;378;775;1066;1176;1165;320;1587;609;339;594;1135;618;469;1372;1530;427;1402;1561;69;405;1090;946;225
17;canakkale      ;1097;1390;518;1694;959;665;696;1569;451;194;374;1540;1732;548;589;269;0;781;914;475;1552;232;1403;1329;1514;431;1306;1213;1371;2000;1293;591;1089;316;330;1716;795;967;246;834;396;744;421;1304;331;1230;1639;550;1650;927;982;1168;1421;433;1021;1739;975;1116;182;1054;1342;1452;1444;420;1866;888;615;873;1411;857;748;1651;1809;703;1678;1838;334;682;1349;1186;502
18;cankiri        ;591;769;398;987;247;131;686;882;738;663;447;920;1111;232;564;504;781;0;156;619;931;727;782;622;807;376;685;525;684;1379;783;566;583;495;727;1009;106;347;704;214;385;354;455;684;706;609;1018;762;1029;306;389;480;733;347;333;1118;277;444;626;336;655;745;823;510;1214;245;292;322;704;466;105;1031;1189;278;991;1131;450;192;748;680;279
19;corum          ;582;704;505;831;91;240;732;720;845;786;563;763;955;349;670;635;914;156;0;726;775;844;606;466;651;483;620;363;522;1255;718;628;575;612;833;854;193;281;821;221;501;419;561;527;812;544;870;868;873;295;377;318;572;464;172;962;264;289;743;180;493;589;758;617;1059;108;409;330;548;530;169;874;1068;374;829;975;567;309;683;646;396
20;denizli        ;762;1100;221;1516;817;477;221;1446;124;285;406;1282;1473;617;168;435;475;619;726;0;1293;702;1144;1151;1336;355;978;1089;1248;1672;959;169;689;649;228;1539;725;706;717;646;539;409;296;1046;207;960;1311;145;1391;628;647;1044;1298;502;897;1480;897;902;652;866;1219;1274;1117;153;1607;700;683;551;1275;523;560;1393;1482;739;1557;1660;499;669;1014;851;570
21;diyarbakir     ;538;206;1110;440;707;900;1086;511;1412;1424;1201;142;208;1088;1180;1273;1552;931;775;1293;0;1583;153;407;316;1121;322;675;517;484;516;1150;607;1351;1439;520;961;582;1560;717;1241;889;1207;247;1418;369;95;1396;249;665;717;720;566;1203;836;187;962;493;1482;597;618;279;177;1222;367;713;1165;742;441;831;826;100;294;1142;545;544;1306;1077;377;445;1135
22;edirne         ;1183;1421;682;1641;906;685;923;1516;670;419;480;1572;1763;495;826;428;232;727;844;702;1583;0;1434;1275;1461;555;1337;1159;1318;2031;1380;828;1176;232;549;1663;741;999;68;866;345;909;586;1336;556;1261;1670;769;1681;958;1041;1114;1368;380;967;1770;922;1125;148;1017;1289;1399;1475;642;1868;897;562;915;1358;1022;757;1683;1841;650;1625;1785;410;628;1400;1272;448
23;elazig         ;496;284;961;492;538;751;1054;512;1263;1274;1052;141;332;939;1031;1123;1403;782;606;1144;153;1434;0;267;317;971;340;556;397;632;474;1001;565;1202;1290;522;792;433;1411;568;1092;740;1058;98;1268;321;247;1286;251;516;568;601;568;1054;667;339;793;324;1333;427;499;138;319;1073;467;544;1015;592;395;741;677;252;446;972;547;636;1157;907;403;403;986
24;erzincan       ;677;548;955;370;375;690;1061;377;1270;1211;996;272;463;781;1038;1052;1329;622;466;1151;407;1275;267;0;191;933;604;294;136;795;755;1008;746;1043;1284;393;625;451;1252;575;933;747;1012;362;1263;581;502;1293;382;523;575;339;306;896;451;559;595;253;1174;309;237;129;573;1067;598;476;840;600;157;748;620;468;655;806;412;514;998;741;667;683;827
25;erzurum        ;809;522;1141;182;560;876;1246;195;1455;1397;1181;177;352;966;1223;1238;1514;807;651;1336;316;1461;317;191;0;1119;654;359;201;607;788;1193;879;1229;1469;205;810;636;1438;761;1118;932;1197;412;1448;634;410;1479;270;709;760;404;250;1081;551;447;714;438;1360;494;302;239;493;1253;410;662;1026;785;125;933;805;370;544;991;230;326;1184;926;692;717;1013
26;eskisehir      ;691;959;141;1298;574;234;421;1203;474;303;80;1109;1300;290;300;152;431;376;483;355;1121;555;971;933;1119;0;874;846;1005;1568;887;302;683;323;414;1321;482;536;532;403;213;338;79;873;393;799;1208;498;1219;496;558;801;1055;176;654;1308;654;684;454;623;976;1057;1013;217;1435;457;357;442;1058;451;317;1220;1378;445;1340;1442;215;426;938;780;244
27;gaziantep      ;216;151;795;762;583;654;764;849;1097;1119;955;478;530;842;865;1026;1306;685;620;978;322;1337;340;604;654;874;0;700;760;694;195;835;285;1105;1124;859;791;336;1314;471;994;574;892;242;1103;78;333;1074;587;419;426;687;897;957;712;505;838;408;1236;472;818;475;139;907;689;535;918;485;732;509;580;418;504;938;883;865;1060;868;64;123;889
28;giresun        ;720;706;868;539;322;603;1096;357;1208;1095;879;536;711;664;1034;936;1213;525;363;1089;675;1159;556;294;359;846;700;0;159;963;798;992;790;927;1197;561;489;494;1136;585;817;782;925;538;1176;624;769;1232;629;567;618;45;209;779;192;806;355;296;1058;260;130;417;789;980;766;472;702;693;234;791;533;729;903;669;466;683;882;601;763;726;711
29;gumushane      ;780;678;1027;381;424;762;1164;320;1367;1254;1038;378;553;823;1141;1095;1371;684;522;1248;517;1318;397;136;201;1005;760;159;0;805;858;1111;850;1086;1356;403;648;554;1295;679;976;850;1084;492;1334;684;611;1390;471;627;678;204;172;938;351;648;514;356;1217;358;102;259;704;1139;608;580;861;703;76;851;691;571;744;828;422;525;1041;760;823;786;870
30;hakkari        ;910;655;1489;425;1164;1348;1458;755;1791;1813;1649;492;325;1536;1559;1720;2000;1379;1255;1672;484;2031;632;795;607;1568;694;963;805;0;889;1529;979;1799;1818;554;1415;1030;2008;1165;1688;1268;1586;727;1797;772;389;1768;381;1113;1120;1008;855;1651;1155;292;1318;973;1930;1076;906;634;548;1601;197;1193;1630;1179;729;1203;1274;375;192;1595;641;419;1754;1530;749;817;1583
31;hatay          ;196;317;776;957;681;689;745;983;1078;1100;983;612;724;885;846;1054;1293;783;718;959;516;1380;474;755;788;887;195;798;858;889;0;816;266;1148;1104;993;889;434;1356;569;1037;555;872;376;1083;176;528;1054;722;484;407;785;995;1000;810;700;936;506;1278;570;917;609;333;888;884;633;961;465;879;490;678;613;699;981;1018;1060;1102;911;146;128;932
32;isparta        ;619;957;167;1373;719;423;131;1348;288;395;353;1139;1330;563;30;424;591;566;628;169;1150;828;1001;1008;1193;302;835;992;1111;1529;816;0;565;596;391;1396;671;563;804;495;485;266;242;903;370;817;1168;271;1248;484;504;947;1200;448;800;1337;843;759;726;768;1122;1131;974;171;1464;603;630;408;1132;380;459;1250;1339;685;1414;1517;487;615;871;708;516
33;mersin         ;69;407;572;1047;638;485;468;1074;813;896;779;703;815;681;576;850;1089;583;575;689;607;1176;565;746;879;683;285;790;850;979;266;565;0;944;900;1083;689;328;1152;370;833;351;668;467;879;267;619;777;812;280;203;777;987;796;747;790;861;497;1074;562;908;700;424;684;974;483;757;261;871;234;479;703;789;777;1108;1151;898;707;321;158;728
34;istanbul       ;951;1189;450;1408;674;453;716;1284;680;391;248;1340;1531;263;594;244;316;495;612;649;1351;232;1202;1043;1229;323;1105;927;1086;1799;1148;596;944;0;564;1431;509;767;209;634;113;676;354;1104;527;1029;1438;792;1449;726;809;882;1136;148;735;1538;690;892;131;785;1057;1167;1243;492;1636;665;330;683;1126;790;525;1451;1609;418;1393;1552;178;396;1168;1040;216
35;izmir          ;908;1246;329;1649;925;584;449;1554;128;175;430;1427;1618;604;390;325;330;727;833;228;1439;549;1290;1284;1469;414;1124;1197;1356;1818;1104;391;900;564;0;1672;832;852;563;754;452;555;335;1191;37;1106;1457;227;1537;773;793;1152;1405;489;1005;1626;1004;1035;499;974;1327;1407;1263;217;1753;808;671;697;1408;668;667;1538;1628;759;1690;1793;389;738;1160;997;557
36;kars           ;1014;727;1343;214;762;1078;1448;203;1658;1599;1383;382;447;1168;1426;1440;1716;1009;854;1539;520;1663;522;393;205;1321;859;561;403;554;993;1396;1083;1431;1672;0;1013;839;1640;963;1321;1134;1400;617;1650;839;615;1681;352;911;962;606;344;1283;753;543;916;640;1562;697;422;441;697;1455;357;864;1228;987;327;1136;1007;580;639;1193;89;135;1386;1128;897;921;1215
37;kastamonu      ;696;875;504;990;255;237;791;846;844;677;461;892;1083;247;670;518;795;106;193;725;961;741;792;625;810;482;791;489;648;1415;889;671;689;509;832;1013;0;452;718;319;399;460;567;713;811;715;1056;867;1001;412;495;444;698;361;298;1148;182;475;640;366;619;748;929;616;1218;298;213;428;724;571;210;1061;1254;181;955;1134;464;113;854;786;293
38;kayseri        ;335;421;523;816;344;316;616;823;825;848;616;571;762;504;593;688;967;347;281;706;582;999;433;451;636;536;336;494;554;1030;434;563;328;767;852;839;452;0;975;133;656;302;620;335;831;261;669;849;681;79;130;482;692;619;453;769;545;202;897;267;613;574;475;635;897;197;580;155;575;304;242;682;840;600;857;960;721;530;400;363;550
39;kirklareli     ;1160;1398;659;1617;882;661;924;1493;684;433;457;1548;1740;471;803;443;246;704;821;717;1560;68;1411;1252;1438;532;1314;1136;1295;2008;1356;804;1152;209;563;1640;718;975;0;842;321;885;562;1312;570;1238;1647;783;1658;935;1018;1091;1345;357;944;1747;898;1101;124;993;1266;1375;1452;656;1845;874;538;891;1334;999;733;1659;1817;626;1602;1761;386;605;1377;1249;425
40;kirsehir       ;377;556;425;940;313;183;570;942;765;706;484;706;897;371;591;555;834;214;221;646;717;866;568;575;761;403;471;585;679;1165;569;495;370;634;754;963;319;133;842;0;523;256;482;470;733;396;804;789;816;93;175;540;793;486;393;904;491;326;764;332;715;699;610;537;1032;113;447;109;700;321;109;817;975;467;982;1084;588;397;535;466;418
41;kocaeli        ;841;1079;340;1298;563;342;605;1174;567;278;137;1229;1420;152;484;131;396;385;501;539;1241;345;1092;933;1118;213;994;817;976;1688;1037;485;833;113;452;1321;399;656;321;523;0;566;243;993;415;919;1328;681;1339;616;699;772;1025;37;625;1428;579;782;243;674;947;1056;1133;382;1526;555;219;572;1015;680;414;1340;1498;307;1283;1442;65;286;1058;930;106
42;konya          ;358;696;226;1112;510;259;321;1119;528;550;433;877;1069;455;296;504;744;354;419;409;889;909;740;747;932;338;574;782;850;1268;555;266;351;676;555;1134;460;302;885;256;566;0;323;641;534;556;907;552;987;223;243;737;991;529;590;1076;632;498;807;559;912;870;713;338;1203;369;531;147;871;119;249;989;1078;551;1153;1256;568;481;610;447;501
43;kutahya        ;676;1014;97;1377;653;312;362;1282;415;227;110;1195;1386;321;241;182;421;455;561;296;1207;586;1058;1012;1197;79;892;925;1084;1586;872;242;668;354;335;1400;567;620;562;482;243;323;0;959;314;873;1225;438;1305;541;561;880;1134;206;733;1394;748;763;484;702;1055;1135;1030;138;1521;536;388;465;1136;436;395;1306;1396;476;1418;1521;245;454;928;765;274
44;malatya        ;397;186;863;587;460;653;955;607;1165;1176;953;236;427;841;932;1025;1304;684;527;1046;247;1336;98;362;412;873;242;538;492;727;376;903;467;1104;1191;617;713;335;1312;470;993;641;959;0;1170;222;342;1188;346;418;469;564;663;956;589;434;715;246;1234;349;594;233;269;975;562;466;917;494;490;643;579;347;541;894;642;730;1058;829;305;304;887
45;manisa         ;887;1224;308;1628;903;563;428;1532;152;139;393;1406;1597;567;369;289;331;706;812;207;1418;556;1268;1263;1448;393;1103;1176;1334;1797;1083;370;879;527;37;1650;811;831;570;733;415;534;314;1170;0;1084;1436;251;1516;752;772;1131;1384;452;984;1604;983;1014;506;952;1306;1386;1241;196;1732;787;634;676;1387;647;646;1517;1607;722;1669;1772;353;701;1139;976;521
46;kahramanmaras  ;198;163;777;809;508;579;746;830;1079;1101;879;458;577;767;847;951;1230;609;544;960;369;1261;321;581;634;799;78;624;684;772;176;817;267;1029;1106;839;715;261;1238;396;919;556;873;222;1084;0;411;1056;568;344;395;612;822;882;637;552;762;332;1160;397;743;456;217;889;736;460;843;420;705;491;505;465;582;862;864;913;984;792;142;105;813
47;mardin         ;549;295;1128;514;802;987;1098;606;1430;1453;1288;236;282;1175;1198;1360;1639;1018;870;1311;95;1670;247;502;410;1208;333;769;611;389;528;1168;619;1438;1457;615;1056;669;1647;804;1328;907;1225;342;1436;411;0;1407;363;752;759;814;661;1290;931;235;1057;588;1569;691;713;373;188;1240;441;808;1252;818;535;842;913;148;199;1236;640;617;1393;1171;388;456;1222
48;mugla          ;858;1196;364;1658;959;619;310;1588;98;390;549;1424;1615;759;241;540;550;762;868;145;1396;769;1286;1293;1479;498;1074;1232;1390;1768;1054;271;777;792;227;1681;867;849;783;789;681;552;438;1188;251;1056;1407;0;1534;770;790;1187;1440;644;1040;1579;1039;1045;719;1008;1362;1417;1213;296;1750;843;826;694;1418;665;702;1492;1578;882;1700;1802;604;812;1110;947;712
49;mus            ;743;456;1208;241;751;999;1301;465;1510;1522;1299;111;81;1187;1278;1371;1650;1029;873;1391;249;1681;251;382;270;1219;587;629;471;381;722;1248;812;1449;1537;352;1001;681;1658;816;1339;987;1305;346;1516;568;363;1534;0;764;815;674;521;1302;828;177;972;591;1580;695;572;253;426;1320;216;812;1217;840;395;988;925;215;273;1182;408;385;1404;1117;626;650;1233
50;nevsehir       ;288;504;444;889;358;275;537;896;746;769;576;654;845;464;514;648;927;306;295;628;665;958;516;523;709;496;419;567;627;1113;484;484;280;726;773;911;412;79;935;93;616;223;541;418;752;344;752;770;764;0;83;614;764;578;467;852;584;275;857;339;685;647;558;557;980;206;540;76;648;256;202;765;923;559;930;1032;681;489;483;377;510
51;nigde          ;210;548;464;940;440;340;545;947;766;788;638;705;896;546;534;710;982;389;377;647;717;1041;568;575;760;558;426;618;678;1120;407;504;203;809;793;962;495;130;1018;175;699;243;561;469;772;395;759;790;815;83;0;605;815;661;549;904;666;326;940;390;737;698;565;576;1031;288;623;116;699;178;284;816;930;642;981;1084;764;572;462;299;593
52;ordu           ;708;732;823;584;277;558;1051;402;1163;1050;834;581;756;619;989;891;1168;480;318;1044;720;1114;601;339;404;801;687;45;204;1008;785;947;777;882;1152;606;444;482;1091;540;772;737;880;564;1131;612;814;1187;674;614;605;0;254;734;147;851;310;307;1013;215;175;462;815;935;811;427;657;648;279;849;488;774;948;624;511;728;837;556;751;714;666
53;rize           ;918;772;1077;430;531;812;1305;148;1417;1304;1088;428;602;873;1243;1145;1421;733;572;1298;566;1368;568;306;250;1055;897;209;172;855;995;1200;987;1136;1405;344;698;692;1345;793;1025;991;1134;663;1384;822;661;1440;521;764;815;254;0;988;400;698;564;493;1267;469;79;430;743;1189;658;680;911;840;247;989;741;620;794;878;257;477;1091;810;961;924;920
54;sakarya        ;803;1041;302;1261;526;305;568;1136;621;316;100;1192;1383;115;446;157;433;347;464;502;1203;380;1054;896;1081;176;957;779;938;1651;1000;448;796;148;489;1283;361;619;357;486;37;529;206;956;452;882;1290;644;1302;578;661;734;988;0;588;1390;542;745;279;637;909;1019;1096;344;1488;517;182;535;978;642;377;1303;1461;270;1245;1405;103;249;1021;892;68
55;samsun         ;754;757;676;730;131;412;904;549;1016;903;688;718;909;473;842;744;1021;333;172;897;836;967;667;451;551;654;712;192;351;1155;810;800;747;735;1005;753;298;453;944;393;625;590;733;589;984;637;931;1040;828;467;549;147;400;588;0;1023;163;350;866;242;322;574;840;788;958;280;510;502;426;702;341;936;1130;477;658;874;690;410;776;738;519
56;siirt          ;721;390;1297;328;894;1087;1269;643;1599;1610;1388;288;96;1275;1367;1459;1739;1118;962;1480;187;1770;339;559;447;1308;505;806;648;292;700;1337;790;1538;1626;543;1148;769;1747;904;1428;1076;1394;434;1604;552;235;1579;177;852;904;851;698;1390;1023;0;1149;680;1669;783;750;430;360;1409;255;900;1352;929;572;1014;1013;87;100;1329;585;432;1493;1263;560;628;1322
57;sinop          ;868;883;676;894;257;409;963;712;1016;858;642;862;1053;427;841;699;975;277;264;897;962;922;793;595;714;654;838;355;514;1318;936;843;861;690;1004;916;182;545;898;491;579;632;748;715;983;762;1057;1039;972;584;666;310;564;542;163;1149;0;476;820;368;485;719;966;788;1121;372;394;600;589;743;382;1062;1256;361;821;1038;644;293;901;864;474
58;sivas          ;428;413;706;618;221;442;812;625;1021;987;765;482;673;630;789;836;1116;444;289;902;493;1125;324;253;438;684;408;296;356;973;506;759;497;892;1035;640;475;202;1101;326;782;498;763;246;1014;332;588;1045;591;275;326;307;493;745;350;680;476;0;1023;111;415;376;497;818;808;227;690;351;377;499;371;593;787;656;659;762;847;591;471;434;676
59;tekirdag       ;1082;1320;581;1539;804;583;846;1415;620;369;379;1470;1662;393;725;378;182;626;743;652;1482;148;1333;1174;1360;454;1236;1058;1217;1930;1278;726;1074;131;499;1562;640;897;124;764;243;807;484;1234;506;1160;1569;719;1580;857;940;1013;1267;279;866;1669;820;1023;0;915;1188;1297;1374;592;1767;796;460;813;1256;921;655;1581;1739;548;1524;1683;308;527;1299;1171;347
60;tokat          ;493;517;645;674;113;380;873;617;985;926;703;585;776;522;811;775;1054;336;180;866;597;1017;427;309;494;623;472;260;358;1076;570;768;562;785;974;697;366;267;993;332;674;559;702;349;952;397;691;1008;695;339;390;215;469;637;242;783;368;111;915;0;390;432;600;757;902;219;582;415;391;564;309;696;890;547;715;818;739;482;536;499;568
61;trabzon        ;839;780;998;482;452;733;1226;227;1338;1225;1009;480;654;794;1164;1066;1342;655;493;1219;618;1289;499;237;302;976;818;130;102;906;917;1122;908;1057;1327;422;619;613;1266;715;947;912;1055;594;1306;743;713;1362;572;685;737;175;79;909;322;750;485;415;1188;390;0;360;805;1110;709;602;832;762;177;910;663;672;846;799;336;555;1012;731;882;845;841
62;tunceli        ;631;419;1079;419;498;814;1184;426;1393;1335;1119;143;335;904;1161;1176;1452;745;589;1274;279;1399;138;129;239;1057;475;417;259;634;609;1131;700;1167;1407;441;748;574;1375;699;1056;870;1135;233;1386;456;373;1417;253;647;698;462;430;1019;574;430;719;376;1297;432;360;0;445;1191;469;600;964;723;257;871;743;339;526;929;460;563;1121;864;539;538;951
63;sanliurfa      ;355;112;934;617;711;793;903;688;1236;1258;1093;319;385;981;1004;1165;1444;823;758;1117;177;1475;319;573;493;1013;139;789;704;548;333;974;424;1243;1263;697;929;475;1452;610;1133;713;1030;269;1241;217;188;1213;426;558;565;815;743;1096;840;360;966;497;1374;600;805;445;0;1046;544;674;1057;623;618;648;719;273;358;1076;722;721;1198;1006;194;262;1027
64;usak           ;691;1029;112;1432;708;367;291;1337;272;225;249;1211;1402;459;169;320;420;510;617;153;1222;642;1073;1067;1253;217;907;980;1139;1601;888;171;684;492;217;1455;616;635;656;537;382;338;138;975;196;889;1240;296;1320;557;576;935;1189;344;788;1409;788;818;592;757;1110;1191;1046;0;1536;591;526;480;1192;452;450;1322;1411;630;1474;1576;383;560;943;780;412
65;van            ;905;573;1424;228;967;1215;1453;558;1726;1738;1515;327;159;1373;1494;1587;1866;1214;1059;1607;367;1868;467;598;410;1435;689;766;608;197;884;1464;974;1636;1753;357;1218;897;1845;1032;1526;1203;1521;562;1732;736;441;1750;216;980;1031;811;658;1488;958;255;1121;808;1767;902;709;469;544;1536;0;1028;1433;1056;532;1204;1141;293;351;1398;444;222;1591;1333;744;812;1420
66;yozgat         ;490;619;479;841;200;214;683;829;819;760;537;702;893;402;645;609;888;245;108;700;713;897;544;476;662;457;535;472;580;1193;633;603;483;665;808;864;298;197;874;113;555;369;536;466;787;460;808;843;812;206;288;427;680;517;280;900;372;227;796;219;602;600;674;591;1028;0;479;222;601;434;144;813;1007;498;883;985;620;428;599;561;449
67;zonguldak      ;765;1003;484;1205;471;266;750;1059;802;498;282;1107;1298;158;628;339;615;292;409;683;1165;562;1015;840;1026;357;918;702;861;1630;961;630;757;330;671;1228;213;580;538;447;219;531;388;917;634;843;1252;826;1217;540;623;657;911;182;510;1352;394;690;460;582;832;964;1057;526;1433;479;0;496;923;643;338;1264;1422;89;1168;1349;284;101;982;854;113
68;aksaray        ;268;580;368;965;421;224;461;972;670;692;522;730;921;420;438;594;873;322;330;551;742;915;592;600;785;442;485;693;703;1179;465;408;261;683;697;987;428;155;891;109;572;147;465;494;676;420;818;694;840;76;116;648;840;535;502;929;600;351;813;415;762;723;623;480;1056;222;496;0;724;212;218;841;988;516;1006;1109;637;446;520;358;467
69;bayburt        ;801;676;1080;305;457;815;1185;312;1394;1294;1078;302;476;863;1162;1135;1411;704;548;1275;441;1358;395;157;125;1058;732;234;76;729;879;1132;871;1126;1408;327;724;575;1334;700;1015;871;1136;490;1387;705;535;1418;395;648;699;279;247;978;426;572;589;377;1256;391;177;257;618;1192;532;601;923;724;0;872;744;494;668;903;346;449;1080;823;795;807;910
70;karaman        ;293;631;340;1113;621;370;377;1120;642;664;547;879;1039;566;410;618;857;466;530;523;831;1022;741;748;933;451;509;791;851;1203;490;380;234;790;668;1136;571;304;999;321;680;119;436;643;647;491;842;665;988;256;178;849;989;642;702;1014;743;499;921;564;910;871;648;452;1204;434;643;212;872;0;361;927;1013;662;1154;1257;681;592;545;382;613
71;kirikkale      ;486;665;338;985;260;74;563;889;679;620;397;815;1006;262;504;469;748;105;169;560;826;757;677;620;805;317;580;533;691;1274;678;459;479;525;667;1007;210;242;733;109;414;249;395;579;646;505;913;702;925;202;284;488;741;377;341;1013;382;371;655;309;663;743;719;450;1141;144;338;218;744;361;0;926;1084;358;1026;1129;479;288;644;575;308
72;batman         ;634;302;1210;366;807;1000;1182;565;1512;1523;1301;196;134;1188;1280;1372;1651;1031;874;1393;100;1683;252;468;370;1220;418;729;571;375;613;1250;703;1451;1538;580;1061;682;1659;817;1340;989;1306;347;1517;465;148;1492;215;765;816;774;620;1303;936;87;1062;593;1581;696;672;339;273;1322;293;813;1264;841;494;927;926;0;183;1241;599;469;1405;1176;473;541;1235
73;sirnak         ;720;465;1299;424;1001;1158;1268;739;1601;1623;1458;384;192;1346;1369;1530;1809;1189;1068;1482;294;1841;446;655;544;1378;504;903;744;192;699;1339;789;1609;1628;639;1254;840;1817;975;1498;1078;1396;541;1607;582;199;1578;273;923;930;948;794;1461;1130;100;1256;787;1739;890;846;526;358;1411;351;1007;1422;988;668;1013;1084;183;0;1442;681;528;1563;1372;559;627;1392
74;bartin         ;784;1022;518;1171;436;286;805;1026;858;586;370;1072;1264;177;684;427;703;278;374;739;1142;650;972;806;991;445;938;669;828;1595;981;685;777;418;759;1193;181;600;626;467;307;551;476;894;722;862;1236;882;1182;559;642;624;878;270;477;1329;361;656;548;547;799;929;1076;630;1398;498;89;516;903;662;358;1241;1442;0;1135;1315;372;86;1001;873;202
75;ardahan        ;1039;751;1362;305;781;1097;1467;117;1676;1561;1345;407;489;1130;1444;1402;1678;991;829;1557;545;1625;547;412;230;1340;883;466;422;641;1018;1414;1108;1393;1690;89;955;857;1602;982;1283;1153;1418;642;1669;864;640;1700;408;930;981;511;257;1245;658;585;821;659;1524;715;336;460;722;1474;444;883;1168;1006;346;1154;1026;599;681;1135;0;222;1348;1067;922;946;1177
76;igdir          ;1081;750;1464;144;884;1200;1570;336;1779;1720;1505;496;336;1290;1547;1561;1838;1131;975;1660;544;1785;636;514;326;1442;865;683;525;419;1060;1517;1151;1552;1793;135;1134;960;1761;1084;1442;1256;1521;730;1772;913;617;1802;385;1032;1084;728;477;1405;874;432;1038;762;1683;818;555;563;721;1576;222;985;1349;1109;449;1257;1129;469;528;1315;222;0;1507;1250;920;989;1336
77;yalova         ;906;1144;342;1363;628;407;607;1239;505;216;124;1294;1486;217;485;69;334;450;567;499;1306;410;1157;998;1184;215;1060;882;1041;1754;1102;487;898;178;389;1386;464;721;386;588;65;568;245;1058;353;984;1393;604;1404;681;764;837;1091;103;690;1493;644;847;308;739;1012;1121;1198;383;1591;620;284;637;1080;681;479;1405;1563;372;1348;1507;0;351;1123;995;171
78;karabuk        ;714;952;448;1106;371;216;735;958;788;564;349;1007;1198;134;614;405;682;192;309;669;1077;628;907;741;926;426;868;601;760;1530;911;615;707;396;738;1128;113;530;605;397;286;481;454;829;701;792;1171;812;1117;489;572;556;810;249;410;1263;293;591;527;482;731;864;1006;560;1333;428;101;446;823;592;288;1176;1372;86;1067;1250;351;0;931;803;180
79;kilis          ;252;210;831;817;647;718;800;887;1133;1155;1018;518;585;906;901;1090;1349;748;683;1014;377;1400;403;667;692;938;64;763;823;749;146;871;321;1168;1160;897;854;400;1377;535;1058;610;928;305;1139;142;388;1110;626;483;462;751;961;1021;776;560;901;471;1299;536;882;539;194;943;744;599;982;520;795;545;644;473;559;1001;922;920;1123;931;0;159;952
80;osmaniye       ;89;245;668;885;609;581;637;912;970;992;875;540;653;778;738;946;1186;680;646;851;445;1272;403;683;717;780;123;726;786;817;128;708;158;1040;997;921;786;363;1249;466;930;447;765;304;976;105;456;947;650;377;299;714;924;892;738;628;864;434;1171;499;845;538;262;780;812;561;854;358;807;382;575;541;627;873;946;989;995;803;159;0;824
81;duzce;735;973;371;1192;458;237;636;1068;689;384;168;1124;1315;46;515;225;502;279;396;570;1135;448;986;827;1013;244;889;711;870;1583;932;516;728;216;557;1215;293;550;425;418;106;501;274;887;521;813;1222;712;1233;510;593;666;920;68;519;1322;474;676;347;568;841;951;1027;412;1420;449;113;467;910;613;308;1235;1392;202;1177;1336;171;180;952;824;0